Hashtags
Relatedness Score 0 (number of hashtags, number of tweets)
0	417
1	1240
2	576
3	320
4	167
5	99
6	59
7	27
8	11
9	12
10	9
11	9
12	2
13	2
14	1
15	14

Relatedness Score 1
0	1334
1	929
2	473
3	125
4	63
5	26
6	11
7	3
8	2

++++++++++++++++++++++++++++++++++++++++++++++++++++++++++++++++++++++++++++++++++++++
++++++++++++++++++++++++++++++++++++++++++++++++++++++++++++++++++++++++++++++++++++++

Nouns (number of nouns, number of tweets)
Relatedness Score 0
0	285
1	32
2	104
3	184
4	218
5	246
6	243
7	296
8	246
9	274
10	214
11	199
12	108
13	102
14	71
15	49
16	35
17	19
18	8
19	5
20	3
21	5
22	1
23	1
24	1
25	1
27	14
29	1

Relatedness Score 1
0	69
1	9
2	41
3	101
4	155
5	238
6	299
7	384
8	407
9	374
10	302
11	237
12	154
13	86
14	57
15	22
16	15
17	8
18	2
19	4
20	2

++++++++++++++++++++++++++++++++++++++++++++++++++++++++++++++++++++++++++++++++++++++
++++++++++++++++++++++++++++++++++++++++++++++++++++++++++++++++++++++++++++++++++++++

Verbs (number of verbs, number of tweets)

Relatedness Score 0

0	826
1	719
2	580
3	389
4	218
5	134
6	69
7	24
8	5
9	1

Relatedness Score 1
0	410
1	776
2	663
3	483
4	323
5	176
6	90
7	31
8	11
9	3

++++++++++++++++++++++++++++++++++++++++++++++++++++++++++++++++++++++++++++++++++++++
++++++++++++++++++++++++++++++++++++++++++++++++++++++++++++++++++++++++++++++++++++++
Pronouns (number of pronouns, number of tweets)

Relatedness Score 0

0	2056
1	581
2	209
3	78
4	29
5	10
6	1
9	1

Relatedness Score 1

0	2261
1	512
2	139
3	38
4	11
5	3
6	2
++++++++++++++++++++++++++++++++++++++++++++++++++++++++++++++++++++++++++++++++++++++
++++++++++++++++++++++++++++++++++++++++++++++++++++++++++++++++++++++++++++++++++++++
Token Counts (number of words, number of tweets)
Relatedness Score 0

1	5
2	4
3	4
4	17
5	33
6	58
7	75
8	92
9	112
10	130
11	142
12	151
13	145
14	159
15	160
16	159
17	194
18	193
19	202
20	199
21	186
22	125
23	153
24	92
25	71
26	35
27	33
28	16
29	15
30	2
31	2
32	1

Relatedness Score 1
1	0
2	2
3	3
4	14
5	17
6	22
7	29
8	42
9	65
10	81
11	93
12	113
13	108
14	148
15	144
16	158
17	183
18	199
19	241
20	243
21	257
22	240
23	176
24	176
25	94
26	57
27	40
28	10
29	6
30	2
31	2
32	1

++++++++++++++++++++++++++++++++++++++++++++++++++++++++++++++++++++++++++++++++++++++
++++++++++++++++++++++++++++++++++++++++++++++++++++++++++++++++++++++++++++++++++++++
Tweet Length (length of tweet, number of tweets)

Relatedness Score 0

18	1
19	1
21	1
22	1
23	1
25	3
26	1
27	2
28	3
30	4
31	7
33	6
34	5
35	5
36	5
37	7
38	7
39	5
40	4
41	5
42	7
43	7
44	13
45	8
46	16
47	17
48	6
49	9
50	10
51	9
52	16
53	22
54	13
55	18
56	31
57	18
58	19
59	23
60	26
61	19
62	24
63	24
64	15
65	17
66	28
67	13
68	17
69	24
70	26
71	25
72	33
73	10
74	21
75	13
76	24
77	18
78	23
79	20
80	16
81	13
82	19
83	19
84	21
85	22
86	22
87	32
88	19
89	19
90	16
91	25
92	18
93	19
94	30
95	18
96	17
97	28
98	24
99	22
100	30
101	23
102	27
103	22
104	28
105	30
106	20
107	25
108	21
109	18
110	24
111	23
112	25
113	27
114	32
115	24
116	23
117	21
118	31
119	29
120	23
121	36
122	24
123	34
124	23
125	27
126	23
127	24
128	23
129	29
130	24
131	28
132	25
133	31
134	41
135	44
136	93
137	46
138	62
139	62
140	129
141	28
142	180
143	29
144	47
145	19
146	24
147	4
148	5
149	2
150	1
151	4
152	6
153	2
154	3
155	5
157	1
158	1
160	1
162	1
164	1
166	5
167	2
169	3
171	1
172	2
173	1
174	1
178	2
179	2
182	3
184	1
185	1
186	2
187	2
188	1
193	2
196	1
198	1
199	1
204	1
205	1
206	2
208	2
209	1
210	2
211	1
212	1
214	1
217	1
219	1
220	1
221	3
222	2
224	2
225	2
230	1
231	2
236	1
245	1
260	1
265	1
274	1
285	1
297	1
305	1
312	1
372	1
400	1

Relatedness Score 1

22	1
25	2
26	1
27	1
28	2
29	3
30	3
31	4
32	3
33	2
34	6
35	2
36	3
37	3
38	3
39	5
40	8
41	2
42	2
43	5
44	3
45	3
46	3
47	3
48	7
49	5
50	6
51	10
52	12
53	10
54	9
55	10
56	8
57	9
58	11
59	9
60	15
61	6
62	9
63	13
64	8
65	10
66	19
67	15
68	17
69	17
70	14
71	14
72	15
73	13
74	17
75	12
76	21
77	22
78	17
79	14
80	18
81	23
82	32
83	15
84	22
85	33
86	24
87	23
88	14
89	13
90	15
91	26
92	18
93	22
94	25
95	26
96	24
97	20
98	17
99	23
100	24
101	27
102	20
103	25
104	24
105	30
106	30
107	36
108	15
109	22
110	17
111	30
112	32
113	25
114	22
115	23
116	32
117	14
118	30
119	20
120	32
121	29
122	26
123	26
124	27
125	36
126	23
127	33
128	24
129	24
130	39
131	34
132	42
133	33
134	48
135	36
136	176
137	75
138	84
139	73
140	266
141	46
142	210
143	32
144	36
145	8
146	27
147	2
149	2
150	2
151	1
152	2
154	1
175	1
178	1
182	1
193	1
199	1
210	1
211	2
214	1
223	2
230	1
240	1
